image: /home/duc/ROS1/ws6pi/src/navigation/maps/ducws.pgm
resolution: 0.030000
origin: [-30.720011, -30.720011, 0.000000]
negate: 0
occupied_thresh: 0.65
free_thresh: 0.196

